3.149101301002488196e-01
7.927149900331952048e-02
7.759930185830614668e-01
9.134285718143243527e-01
3.539096851624459750e-01
7.723892139327014350e-01
7.206325167726869152e-01
9.167985372046871806e-01
9.621463470931528317e-01
8.638556818044557106e-01
4.830113080292627176e-02
4.099682686044383573e-01
9.177032471039693329e-01
9.407207003897785080e-01
9.619657172828449676e-01
2.244181641853021658e-01
5.105568305552157238e-01
3.084437753940406646e-01
7.075970249350573837e-01
7.135497793854372883e-01
4.854567485066285659e-01
4.182058936089063650e-01
8.516091422738466532e-01
2.223582550237696853e-01
7.934075872707242461e-01
4.421004948422466718e-01
8.202098795762546857e-01
9.433724705413212286e-01
3.524371250985194881e-01
7.196617175181762027e-01
9.725907520563004116e-01
5.750143527926286913e-01
5.954015397440113322e-01
2.608456219516412933e-01
2.785319557644558297e-01
9.806121899378518192e-01
9.094236204301479054e-01
8.915564600615280000e-01
6.296593004973207730e-01
7.705366438645725458e-01
5.508974426630292021e-01
9.312666453010540746e-01
8.295233730708976294e-01
2.853446073856492071e-01
9.476229974302672332e-01
9.010842689110548642e-01
8.926461549276455409e-01
3.299211067137629017e-01
5.941378347749253219e-01
9.266330137824252411e-01
9.610558982452035437e-01
9.250593675464688914e-01
7.852511516437954420e-01
8.235721065693154541e-01
9.391929111622668858e-01
8.786185666701652464e-01
5.740700523490320784e-01
3.998957824072151279e-01
2.575040249991132901e-01
6.132177817447451718e-01
4.116157731256878671e-01
2.582031649343182189e-01
7.962912513872948406e-01
5.052663161536323369e-04
8.514960871734035264e-01
7.396183359253903911e-01
9.602932425128078986e-01
7.798866406802370532e-01
9.808719955164331150e-01
8.767812240297369053e-01
1.720167510201828787e-01
9.987097742534886136e-01
9.326071909302624530e-01
8.154297273112436351e-01
7.656063536994132113e-01
9.777356429164064666e-01
9.850044832929629735e-01
9.911860221820421035e-01
9.976426477846086494e-01
9.851186278806103314e-01
9.229649929787349105e-01
8.100277373865188979e-01
8.871575698686973155e-01
8.384428521763697129e-01
8.529116920753125886e-01
8.610388926765856210e-01
2.875744397103190478e-02
6.564415830499538140e-01
3.789091185146711144e-02
8.459270937303767779e-01
3.674401251936642576e-01
9.330684275561109686e-01
9.652131858153737420e-01
9.901978843464080970e-01
1.015161301654842058e-01
9.845649989719996720e-01
7.159512275130369696e-01
4.908681101548385550e-01
9.990073497228646460e-01
9.239060981863187472e-01
9.508085433114150664e-01
6.708769819744677676e-01
8.445943950798981970e-01
7.242861514888353502e-01
6.553030990529977728e-01
9.908538817846564983e-01
9.865012123123465537e-01
9.881985861683283412e-01
9.832670283277942236e-01
9.857792900742501363e-01
9.637742306625358690e-01
9.889571579655866973e-01
9.733672795307474201e-01
3.559890973953847570e-01
7.224037589705133433e-01
6.323844275009739002e-01
2.290644199052858654e-01
7.791744621489531397e-01
2.532782075158608315e-01
8.761327861333439992e-01
9.118983939943278161e-01
9.127863952596503294e-01
9.393149842236480085e-01
9.638530678918035832e-01
9.369520125628566509e-01
8.937393333905478965e-01
9.511629207076196524e-01
9.744821761607711519e-01
9.933027411238617432e-01
9.974272399850356852e-01
9.154726278653909644e-01
6.910371784821857100e-01
9.975660661723128042e-01
9.449017068177577583e-01
9.930321507426246308e-01
7.394600825140339451e-01
8.047699704475774762e-01
6.991159433895836051e-01
9.913344360617454276e-01
7.108173955311489767e-01
9.882471880406329401e-01
9.961691608902909501e-01
9.933516110654473374e-01
9.948711767763608327e-01
9.928061093487011712e-01
9.859810861363792478e-01
9.965481278103521801e-01
9.583461203834732212e-01
4.446720276798503124e-01
6.379109836995332516e-01
6.117936537124512020e-01
7.752039223284561409e-01
2.771242651781722538e-06
8.944904523823080655e-01
2.964764676000510024e-02
6.897742719530186584e-01
9.373128099189507179e-01
6.672193345571725276e-02
9.805677433849695479e-01
9.806123822370713672e-01
9.260839605368570426e-01
9.858530214877497810e-01
9.875514653214976235e-01
9.673909414446840715e-01
9.941519849255924246e-01
9.990203507890036416e-01
9.858923492386056919e-01
9.709112204764331899e-01
9.994869013593284945e-01
9.678784767444396087e-01
9.983028107436028309e-01
9.108593089277858823e-01
9.796129523945550366e-01
6.317015582590173040e-01
9.182013772619467273e-01
9.885118914645908417e-01
2.186949313964648648e-03
9.905405844088008838e-01
9.977164942479352927e-01
9.987800770805218553e-01
9.960360182169618604e-01
9.989946082191005772e-01
9.930003310854526033e-01
9.972537043512383903e-01
9.774548070221152907e-01
9.663508907663336256e-01
9.639863277274525188e-01
7.897699582812044428e-01
4.971406867522034645e-01
7.534651779912269198e-01
7.578905646760019099e-01
8.103580438293854771e-01
9.044934526805163966e-01
8.976314823693221090e-01
9.505793643045118424e-01
9.764573411929267088e-01
8.884217881083417145e-01
9.431545351855279424e-01
9.433656999067474569e-01
9.502064174875343161e-01
4.247353215503312240e-01
9.959363498565722006e-01
9.988296587575516972e-01
9.943438494131128236e-01
9.939381830119069505e-01
9.700750784440901331e-01
9.975780907763287519e-01
9.172684609234014186e-01
9.927704228881977233e-01
9.792441528431146125e-01
9.798908317499440690e-01
9.975131447526270900e-01
9.973043478390968275e-01
9.936921346410805267e-01
9.088679805469576101e-01
6.593590216240425850e-01
9.983797666454605757e-01
8.476898583133730680e-01
2.863365719269778467e-02
8.833704750479079992e-01
8.276904890189009656e-01
9.464167986128705357e-01
6.602938902178961955e-01
9.764031236035179973e-01
9.685354009724479463e-01
6.093808670249969417e-01
9.992280299504553431e-01
9.125395195632989287e-01
9.576449028308642308e-01
9.992272753998849844e-01
9.987883038621532261e-01
9.986933018665412609e-01
9.976888868472888472e-01
9.842602585990969377e-01
8.406561283824925956e-01
9.648614315897456883e-01
9.905757212376513632e-01
9.986685647719415471e-01
9.982060327489747920e-01
9.987665671686958291e-01
9.978538242528136593e-01
9.943430119476315276e-01
9.992927523653399868e-01
9.966592257791252463e-01
9.943034812006935619e-01
9.826565720291025041e-01
9.750132376390074906e-01
9.948706905019756297e-01
9.973556042962520296e-01
9.074192611739962944e-01
9.781720995163362131e-01
9.801617943736636862e-01
9.991355416191495253e-01
9.916020414003838823e-01
9.736805195491965437e-01
9.983387337744780154e-01
8.306352287264580081e-01
9.973631631964813282e-01
8.652682974365633051e-01
nan
9.672775078330694276e-01
9.991980760045084953e-01
9.993060317120666669e-01
9.987316612923791137e-01
9.990683010912225770e-01
2.117692813028614496e-03
9.987315243597069125e-01
8.676735706773220924e-01
9.171154564912757934e-01
9.790829757433521241e-01
9.975101691284845584e-01
9.650454445215224109e-01
9.987791033455094558e-01
9.962612207605225922e-01
9.979590783759760830e-01
9.978750841035052277e-01
9.992469557844056993e-01
9.991140396376871902e-01
9.855068404287524730e-01
9.880027915621782952e-01
9.968854101463964223e-01
9.989903903078349856e-01
9.651249952685313493e-01
9.677244909020825681e-01
9.620531425768408251e-01
9.910071457460042366e-01
9.982765782940896671e-01
9.939434085314395873e-01
9.818714012806005753e-01
9.987991217843769087e-01
9.664361928242587441e-01
5.919042758639295743e-01
7.735799307180311057e-01
2.462737493998055360e-01
8.947066333368017821e-01
9.656193553761607262e-01
9.991292991851357108e-01
9.996737273858530282e-01
9.990834114691486967e-01
9.993545062863510298e-01
9.988402937640876722e-01
9.908060908295965863e-01
8.925716718610264833e-01
9.440151660428295344e-01
9.941737680710602820e-01
9.955211461933866079e-01
9.984457279979718214e-01
9.986947181244624216e-01
9.984314269355428761e-01
9.637565711821023395e-01
9.984973392604123976e-01
9.979041589715924587e-01
9.991931829681880428e-01
9.914117191772758853e-01
9.947365240888657034e-01
9.849294677593978253e-01
9.987933221978307907e-01
9.909869929281419632e-01
9.977468762581761519e-01
9.967646915721730672e-01
9.974976309985195133e-01
9.935042601243893046e-01
9.982536488310825851e-01
9.949761789704832937e-01
9.964018209170125706e-01
9.982136144062363492e-01
9.208003799096652342e-01
9.932711291677203125e-01
9.895076881597549834e-01
8.758134760060447555e-01
1.160358899400399657e-01
8.802452342616954306e-01
9.522067327768966027e-01
9.991710212960762671e-01
9.995367230725650254e-01
9.986318922328349945e-01
9.995188193568621537e-01
9.986908452513284518e-01
8.733508246135063269e-01
9.476181670778119903e-01
9.978006343841572257e-01
8.382927234978195807e-01
9.990319118763152373e-01
9.987070475640127398e-01
9.702872311818738771e-01
9.969935697668160790e-01
9.935461898460710151e-01
9.988161231780283700e-01
9.982274492855580661e-01
9.965878286337986891e-01
9.988641164706948405e-01
9.985892114863567093e-01
9.990279470324747724e-01
9.988146175307155428e-01
9.937335043654467182e-01
9.964145516263184232e-01
9.988485341144590635e-01
9.977534856061976987e-01
9.935077523446850245e-01
9.981038732783955592e-01
9.965307616241574351e-01
9.771965102323723062e-01
8.829919120485674178e-01
9.919112345652167928e-01
9.989828556057622766e-01
9.916357605722638802e-01
9.926213827784835519e-01
9.406591775401716982e-01
7.670059533228597015e-01
8.279444042768648870e-01
9.071922154449703068e-01
4.414886849399551200e-02
9.990085357650457798e-01
9.909270234041012149e-01
9.098615239618720318e-01
9.909361941409361441e-01
9.989864107907231450e-01
9.929854299705742626e-01
9.987012527770829928e-01
9.989383224244064996e-01
9.985483490791814409e-01
9.983120141260024560e-01
9.924770971574584655e-01
9.975745947821104131e-01
9.974691634158826536e-01
9.980434783988066938e-01
9.988535215638375542e-01
9.932681366468586459e-01
9.771209848204933657e-01
9.980998565575842640e-01
9.987916314458779032e-01
9.987222285409409483e-01
9.977004830254172507e-01
9.800479978950342730e-01
9.939706300341462075e-01
9.905945582538809857e-01
9.848736492023809630e-01
7.589686519975175072e-01
9.578737730470932021e-01
9.968978917691594388e-01
9.929532914268479615e-01
8.456761567047398342e-01
9.983297532105087635e-01
9.683439875844634948e-01
9.990224117572727991e-01
9.927374697114972335e-01
9.866216481925719206e-01
9.560977427451267108e-01
9.973866419416147489e-01
9.982270074737958909e-01
9.989000369264440238e-01
9.974738320350376997e-01
9.985707089959192650e-01
9.877708533506329713e-01
8.950871029876290574e-01
9.884250965799258326e-01
9.964538354174197199e-01
9.967413479608577820e-01
9.998164722691287309e-01
9.603573588783189674e-01
9.971345820007695426e-01
9.286513190050638133e-01
9.985317097337268466e-01
8.834573176554508800e-01
nan
8.938826708787059871e-01
9.990948788518366763e-01
9.990389604544877011e-01
9.959667054902806571e-01
9.985814057809310196e-01
9.989695773413692637e-01
9.989224565166657799e-01
9.981334924874968317e-01
9.056613333178296088e-01
9.986592314956704852e-01
9.985091492122417645e-01
9.871229500130962453e-01
9.975874476933642709e-01
9.985869846897804658e-01
9.627115592396305876e-01
9.482137784531614599e-01
9.796902165183474231e-01
9.148606402806612747e-01
9.982213407530692306e-01
9.541883497573304673e-01
9.683022070730444852e-01
9.975620902481883157e-01
9.958759324074211161e-01
9.564655295511607092e-01
9.750383614284497957e-01
9.846858274237983988e-01
9.992203997912982860e-01
9.989623682782309277e-01
9.549849630914819532e-01
9.375857043365993793e-01
9.963604647699451089e-01
9.962188533745358621e-01
9.995317847849056747e-01
9.970775287963623557e-01
9.997679481401487989e-01
8.108592077858141067e-01
9.984549539818412534e-01
9.781868999678221543e-01
9.940772442274194987e-01
8.703149653095210159e-01
9.363297639989996979e-01
9.837588249223431225e-01
8.930882648656980338e-01
9.618393264516315044e-01
9.986264587183470987e-01
9.494730373897877218e-01
9.831415711301084714e-01
9.982582927846944676e-01
9.990986300523349017e-01
9.990613838515156608e-01
9.983860655251097782e-01
9.961122017575900767e-01
9.988943070527687151e-01
9.971498993101862718e-01
9.688467471024665434e-01
9.973907429991669682e-01
