8.408193269824550953e-01 1.046267975464646172e-01
8.168168168122065254e-01 4.612725573831595760e+00
4.504504504511714913e-01 7.362320965107241877e-01
4.201789705603005132e-01 1.873395381871403031e-01
5.465465465658780886e-01 8.032245593502715941e-01
1.369340428442228585e+00 4.915099510063032640e-02
4.264264264329540310e-01 4.227544819847055546e-01
1.457596862401260296e-01 1.208677529811315265e+00
8.217787361900263932e-02 1.005012523314756656e+00
3.747071306570433080e-01 3.387498869186198025e+00
2.762762762395141181e-01 1.415451230137989125e+00
1.262022643313684966e-01 2.122305821625783739e+00
3.768562876193755073e-01 2.461941133952190441e-01
4.984980230619839858e-01 7.044579150111646149e-01
1.818989403545856476e-12 9.375622149407919492e-01
3.483483483742020326e-01 1.875643045881667303e+00
8.408408408831746783e-02 1.222775675714176780e+00
2.402402402422012528e-01 7.657920838143924547e-01
3.003003003323101439e-02 1.046582117883916974e+00
7.807807807512290310e-02 1.306935373915677490e+00
8.048022587754530832e-01 4.872768924427444581e+00
2.505338604569260497e-01 2.758188620111164280e+00
5.165165174985304475e-01 2.027943811801361740e+00
1.981983380628662417e-01 8.288418195014111145e-01
3.538715034483175259e-02 1.172789190953513305e+00
3.998026676345034502e-02 1.397464745423834476e+00
2.875448457871243590e-01 8.829710889674051710e-01
4.834280843988381093e-01 2.144171275287523493e+00
3.727410408955620369e-01 1.512359001022321570e+00
2.522522522558574565e-01 4.925510242597965216e-01
5.345302624918986112e-01 1.606482647488149118e-01
1.794386938490788452e-02 1.189195226731336152e+00
4.864864864866831340e-01 2.717492368389536894e-01
5.345355464178283000e-01 3.589736664012841416e+00
8.507689290127018467e-04 1.002514632267396788e+00
5.002612191310618073e-01 2.189089860350721672e-01
1.561561574235383887e-01 2.906759540288958110e+00
7.748797267195186578e-01 7.765443316462631307e-01
4.422286972039728425e-01 2.734201869650724426e+00
4.680682368398265680e-01 1.484294368430478350e+00
4.867023201477422845e-01 8.696697087510301127e-01
3.423423423409985844e-01 1.467138018847758074e+00
4.865494355271948734e-01 2.763114556578761816e-01
4.805399160795786884e-01 1.070736776686698644e+00
5.175345671686955029e-01 7.934613541764693245e+00
5.645645645654440159e-01 3.122951216837305477e+00
1.766178083926206455e-04 1.007238500299277417e+00
2.942915599960542750e-01 6.742853450352511713e-01
8.408408408467948902e-02 9.934850973661915052e-01
6.606606606601417297e-01 2.030072874719842657e-01
7.876810253947041929e-03 9.913912887617841729e-01
7.867867867880704580e-01 8.306316943427075827e+00
3.637978807091712952e-12 1.033110844333289702e+00
4.084084262321994174e-01 2.250482681080152592e+00
3.361790581802779343e-01 3.677422238255222964e-01
9.609616171292145737e-02 6.638659200957313100e-01
8.958525238867878215e-01 1.611037067390874356e+01
4.324324332064861665e-01 5.267820242080906157e-01
2.582582625273062149e-01 2.292636781953557801e+00
1.261262034986430081e-01 1.117099978720469622e+00
3.003003002997502335e+00 2.835703206523233533e+01
3.017524663846415933e-02 1.174224732318177589e+00
6.165968183595396113e-01 2.794053574275721541e+00
3.783783776252676034e-01 5.680153053869865243e-01
4.670153236493206350e-01 1.471142773397380088e+00
4.061374328412057366e-01 2.703363700837559058e+00
7.192679200816201046e-01 5.846495011154680732e+00
4.371952968012919882e-01 3.157082001564675000e+00
4.204861562957376009e-01 5.790673518610955917e+00
4.899099099111481337e-01 1.752786893402522361e+00
6.108731817221269011e-03 1.064242391165306501e+00
5.045118243851902662e-01 1.177780976724451534e-01
3.890848529408685863e-05 1.053405151429519071e+00
2.987927927824785002e-02 1.157006952915806464e+00
2.642642642658756813e-01 1.508986663206945300e+00
4.085604591837181943e-01 7.343682446996987245e+00
5.813215418111212784e-01 6.170167686021303943e+00
4.378187933525623521e-01 2.969907631469893783e+00
2.516642907721688971e-03 1.004308886354571273e+00
4.485951937713252846e-01 5.843909257729888118e+00
1.363972680519509595e-02 9.592765107428383731e-01
5.051381426255829865e-01 3.062295369927857114e-01
5.574556325882440433e-03 1.189664752196779141e+00
2.529289895719557535e-01 9.530315484841664908e-01
7.212821072971564718e-02 2.080969342097546804e+00
3.994352797417377587e-02 7.194044289468877196e-01
5.081574760151852388e-01 7.040195833983923235e-01
3.990880791443487396e-01 8.297402383159783179e-01
4.864864864866831340e-01 1.586925179228011462e+00
2.380674804535374278e-01 6.464718642843522156e-01
7.189480782963073580e-01 1.209990643023289403e+00
5.257985677726537688e-01 2.578991680565313471e-01
3.995059738554118667e-01 1.893186182226449243e-01
5.645645645599870477e-01 6.512731317817745946e+00
5.195903893363720272e-01 1.302394573019513224e+00
5.846585570889146766e-01 1.773138463079091953e-01
2.071448690094257472e-01 5.426412918671272845e-01
8.396887491471716203e-03 1.725534793133890243e+00
5.465465465476881946e-01 8.242113001440365849e+00
4.935531977025675587e-02 1.873061640255491822e+00
9.706136152090039104e-04 1.033210975900937134e+00
8.325547741151240189e-02 1.316645847668749703e+00
5.013246463386167306e-02 1.042594853921945397e+00
6.605664602830074728e-02 9.559258838417465931e-01
4.070190970014664344e-01 2.964219093803475702e-01
7.147880448319483548e-01 2.473866318084441129e+00
6.116292610367963789e-01 6.638869564406676638e+00
1.041091394654358737e-03 9.605535637911660762e-01
3.963963963979040273e-01 1.873556925845241694e-01
1.788377521916117985e-02 9.575981921119769424e-01
5.622013646498089656e-01 2.072368882093813536e-01
1.444608685596904252e-02 1.009482085134038920e+00
1.018812767155395704e+00 8.024252328240307763e-01
1.803885639492364135e-02 1.088301518418273384e+00
8.408408354989660438e-02 1.526925053874985228e+00
6.712076638614234980e-01 2.889747738609272698e+00
4.985049048718792619e-01 5.590443416720037861e-01
4.984984985021583270e-01 1.359444703970946744e+00
3.543543347877857741e-01 7.691540205729728852e-01
3.243243243268807419e-01 4.134416804073205443e-01
3.543543817322643008e-01 2.801017756800440850e+00
2.343843238340923563e-01 2.856782354916623246e-01
8.741272753850353183e-01 3.905036494501663569e-01
5.405342043541168096e-01 2.121777291087054151e-01
3.783783783801482059e-01 3.655562329191568871e+00
6.846845416803262196e-01 4.534965618487393768e-01
4.341186395540717058e-01 5.262236758023653316e+00
4.357038136895425851e-01 2.602862693719754650e-01
7.027027026979340008e-01 1.524973401636548209e-01
4.564564564570900984e-01 1.462440376700456235e-01
3.903903903883474413e-01 1.243530053507980598e-01
3.603603603733063210e-02 1.059287791802703049e+00
5.225225225203757873e-01 5.744240581113057686e+00
1.201201201547519304e-02 1.071587125723158618e+00
4.893750219707726501e-03 9.715969813636669006e-01
1.681681681711779675e-01 7.984307040917150156e-01
4.705705778178526089e-04 9.781311637914434920e-01
6.604949767279322259e-01 5.434442140724610182e-01
5.765765765791002195e-01 8.499792723484349111e+00
6.366366366364673013e-01 1.058468832639609891e+00
1.123123123123150435e+00 9.475061568768099185e-02
8.888888888868677896e-01 8.687918266714261151e+00
6.005091116094263270e-03 9.999941392906335214e-01
4.444444434484466910e-01 1.584797999593641482e-01
1.136740632136934437e-02 9.935607635234623425e-01
5.825825825850188266e-01 6.836096045806665522e+00
3.355323531650356017e-03 1.152037344282042186e+00
2.102644474871340208e-02 6.757270087731480634e-01
1.003003003006597282e+00 2.933164072120066468e+00
4.264264264256780734e-01 3.026366157399390522e-01
2.402402402367442846e-02 1.142996595279045291e+00
4.593270821806072490e-01 3.690402955653775408e-01
5.285285285317513626e-01 3.588053457273751579e-01
1.189429375684994739e+00 1.759671299248185994e+00
1.189189189184617135e+00 1.948970494330124703e+00
1.213213213211929542e+00 1.413496094138361192e+00
8.348348348372383043e-01 1.211139033776578389e+00
4.084084084079222521e-01 5.570957257510742444e-01
9.213284254656173289e-01 8.522837580556350545e-01
1.315953460436503519e+00 7.943559805798550144e-01
1.147147147103169118e+00 5.965390669862605799e-01
1.549549549550647498e+00 1.748631846682686675e-01
7.447447447448212188e-01 2.285270494195175139e-01
1.513513513507859898e+00 3.878938352969147463e+00
1.003003002904733876e+00 1.293498097277917536e-01
5.705705705695436336e-01 7.658336996022731213e+00
5.585585585577064194e-01 4.232879788510090613e+00
1.801801801229885314e-02 8.787223244749635676e-01
6.186186186187114799e-01 7.298816486414404225e-02
1.201201201547519304e-02 1.732828826891686491e+00
7.173999587394064292e-03 9.886385343998949082e-01
1.441459043799113715e-01 4.533734915446532843e-01
6.155656381451990455e-03 9.882033973470634169e-01
3.003003003686899319e-02 1.187810412039389751e+00
7.387387387352646329e-01 1.237975438440813702e+00
9.429429429455922218e-01 4.462368282429203248e+00
1.501501501516031567e-01 1.180246521384699987e+00
6.546546546542231226e-01 1.036689248869346325e-01
8.588588588572747540e-01 1.020770236248205975e+01
9.997261990065453574e-03 1.005677711468804469e+00
1.063063063062145375e+00 6.836636378181558449e+00
1.201201201001822483e-02 8.644622021774502896e-01
5.645645645636250265e-01 7.488673179522088219e+00
1.743443923805898521e-02 9.864900362096250541e-01
1.801801801593683194e-02 3.695385366343429401e-01
1.105105105103575625e+00 2.848083683610596939e+00
1.075075075073982589e+00 3.823696896846905946e-01
1.432296094571938738e-02 1.081060035392828800e+00
4.684684684689273126e-01 2.783753350803592208e-01
5.757179182473919354e-01 3.906316526970272207e+00
3.603771851157944184e-02 8.533685386317481081e-01
3.783783769322326407e-01 3.716358821010145697e+00
4.071241485671635019e-01 5.652677053632341186e-01
3.645886512731522089e-01 3.008657812594324743e-01
4.863897575578448595e-01 7.144228940476214262e+00
2.378378378489287570e-02 1.304976033385477185e+00
4.959002441792108584e-01 3.262075929671547359e-01
6.907225815302808769e-02 9.832213847035554677e-01
2.517691472476144554e-01 6.514775376350184777e-01
1.669527776830364019e-01 2.087360234685917693e+00
4.411315723136794986e-01 5.082839347946209729e-01
8.528528529386676382e-01 1.025338941688280414e+01
5.069171897048363462e-03 9.686991471380976826e-01
7.003450104093644768e-03 1.019874922126271954e+00
1.201202076481422409e-02 5.715245457317645883e-01
7.087087087074905867e-01 4.731149005720898693e+00
1.749326758726965636e-03 1.054272553193096318e+00
4.575337338792451192e-01 3.622302674135022271e-01
1.015015052977105370e+00 3.493249428333460305e-01
1.249249255644826917e+00 1.146966095188323848e-01
1.026961507704982068e-02 8.695589659215804401e-01
1.255255255255178781e+00 2.624104233804201769e+00
1.189189189188255114e+00 3.879713750575861653e-01
5.510933260666206479e-04 7.006863599281684118e-01
1.321321321283903671e-01 2.042314790408094716e+00
4.744744744730269304e-01 2.059606252361660061e+00
3.170577372657135129e-03 9.378196331399638597e-01
4.504504187443671981e-01 7.869401995006337636e-01
7.087087087056715973e-01 2.677811294467680625e+00
4.144144144138408592e-01 1.671770230487413578e+00
5.765765765791002195e-01 2.623842324797370118e+00
5.705705705640866654e-01 2.176701389655065211e-01
4.684684684707463020e-01 1.136092301035094954e+00
7.811696178978309035e-01 3.848728768565577996e-01
8.888888888905057684e-01 3.803853899582864795e+00
3.603603603187366389e-02 1.380598781107871709e+00
3.977816071710549295e-03 1.000684314702328770e+00
4.324324324315966805e-01 4.425977583102657320e+00
4.444444444379769266e-01 4.868360202278974036e-01
9.849849849852034822e-01 1.592652456693716134e-01
3.934038837542175315e-03 9.944234639258749953e-01
6.846846847092820099e-01 3.590864894942677576e+00
2.507274257368408144e-05 9.522791943459288921e-01
1.948917515801440459e-02 9.181738150200577930e-01
7.208523918270657305e-01 2.197734965037883459e+00
1.006465363207098562e-02 9.484948987834455059e-01
3.693537477374775335e-03 9.272907202059322840e-01
1.679215250987908803e-03 9.880261252992981191e-01
4.942145353197702207e-03 1.004466357550944489e+00
1.183183200975690852e+00 1.471780174741014413e+00
1.177177177172779921e+00 6.887065810230585949e-01
6.666666666787932627e-01 3.743714825076704944e+00
3.106642061538877897e-03 9.982604588653837263e-01
5.705705705731816124e-01 6.161042888272188378e+00
1.765765704582008766e+00 1.201404716180771937e+00
1.216442367283889325e+00 5.036398652564633149e-01
4.564564564570900984e-01 1.702972034227238918e-01
5.765765765754622407e-01 8.129384651492012281e+00
8.168173975282115862e-01 2.142455849989803041e-01
3.637978807091712952e-12 1.104225024551215517e+00
4.985437029736203840e-01 5.703677420868578984e+00
4.324324324279587017e-01 5.162587944117243310e+00
6.759167354175588116e-03 1.009829572295933842e+00
1.201201139574550325e+00 3.815815083734951929e-01
1.201201202093216125e-02 9.680909698058376422e-01
5.280745524942176417e-03 1.000235505286887649e+00
6.486486488593072863e-01 1.661688834596084741e+00
6.005984658258967102e-03 1.943902615217882213e+00
6.006032723234966397e-03 5.411990197458043106e-01
5.405405405381316086e-01 6.069244835638021307e-01
1.213213289755003643e+00 1.944384487480526613e-01
7.526509152739890851e-03 1.001482072160681192e+00
1.087087087085819803e+00 7.957283272771703553e-02
4.693356186180608347e-03 1.000731230454404264e+00
1.207207207202372956e+00 1.420500011859631984e-01
1.801801801790134050e+00 8.273782731020191683e-01
1.869118768809130415e-03 9.891190447978243094e-01
3.990572966358740814e-03 1.233332812998208849e+00
3.003003003868798260e-02 1.000673022491900044e+00
2.258393731608521193e-03 1.013430806142721075e+00
2.414617501926841214e-03 9.959526675212722058e-01
7.802406908012926579e-03 1.082326837788870622e+00
1.237237237233784981e+00 1.431901661029746142e+00
1.237237237237422960e+00 6.977519762808653825e-01
3.292956591394613497e-03 1.000580907774319961e+00
6.966966966938343830e-01 7.913776953905310663e+00
3.848827143883681856e-03 1.003685978767081100e+00
3.417733982932986692e-01 8.846120761627939144e-01
1.224446968262782320e+00 1.144867635504461356e+00
1.244450909989609499e+00 1.040780584983117540e+00
1.495495495553768706e+00 1.618217023369636076e-01
5.945945945950370515e-01 6.117073851346570557e+00
9.356158253485773457e-01 1.542937422826347271e+00
1.057908860808311147e+00 8.269442686026980960e-01
4.444444444434338948e-01 1.463616097446431563e-01
8.648900057560240384e-01 4.740876318705787185e+00
1.163400103541789576e-02 9.829569188653831668e-01
1.223060100319344201e+00 3.675395865433082054e-01
1.679201762999582570e-02 1.050944478584667996e+00
1.037437743616465013e-02 9.988317198836824673e-01
1.818989403545856476e-12 8.983025491750585845e-01
1.201201164258236531e-02 1.067706211806864536e+00
6.606606639979872853e-02 9.367055198030357355e-01
7.087087087056715973e-01 9.871664370058178539e-01
2.042042041684908327e-01 2.136600498097518397e+00
1.239948627619014587e+00 2.175531805593645396e-01
4.255549658410018310e-03 9.993076776246018200e-01
1.129129129127250053e+00 1.885915611465860675e-01
6.185527112393174320e-03 1.000861365754081467e+00
6.726726726719789440e-01 1.028616754371153696e+01
4.090214693860616535e-03 1.002588481501350604e+00
3.047853808675426990e-02 1.176649208905848232e+00
1.471455018327105790e-02 9.888344216413047505e-01
2.180300467443885282e-03 9.731858289154956543e-01
1.201201201176445466e+00 7.092931485417928172e-01
3.456079866737127304e-11 1.000009481872636607e+00
5.913767048696172424e-03 9.926263129349151004e-01
1.309309309308446245e+00 1.243358091873782989e+00
1.297297297296609031e+00 7.994462374772604019e-01
4.789971508216694929e-03 9.933909464282905111e-01
3.263826900365529582e-03 9.982422085145352675e-01
6.966966966974723618e-01 8.520761009674890474e+00
1.875570666015846655e-03 9.980277928261476195e-01
9.935579379089176655e-03 1.018575132587187682e+00
5.765765765754622407e-01 1.144772383836279717e-01
5.885885885872994550e-01 1.304613822049395822e+01
6.606606606583227403e-01 1.250011817230566358e+01
1.219219219216029160e+00 4.291907480019899523e+00
7.387387387389026117e-01 6.100047537296516609e+00
1.207207206971361302e-02 1.072650293391111953e+00
9.549549549519724678e-01 6.106681468447726857e+00
5.286346013708680402e-01 1.770159359849178549e-01
6.298777163465274498e-03 8.429655760901501038e-01
1.245365471222612541e+00 3.573934890102195006e-01
9.461010013183113188e-04 9.495429965742184786e-01
4.960211237630574033e-03 1.003156244438285105e+00
1.201201201183721423e-02 5.555525185549472500e-01
1.201184044839465059e-02 8.229010448918385734e-01
4.327768545590515714e-01 1.829400700324370632e+00
1.681681681693589780e-01 1.261892464603071584e+00
4.264264264274970628e-01 1.406617339848730497e+00
2.462462462463008706e-01 1.300596328328809115e+00
1.273273273272934603e+00 5.513502584542801621e+00
6.918957329617114738e-03 9.963951951258627204e-01
1.093093093091738410e+00 3.513659528077273109e+00
4.990941590222064406e-03 1.003729156063725592e+00
1.147147147145005874e+00 8.360742359367815624e+00
6.953679767320863903e-03 9.992159866726380013e-01
1.801801801775582135e-02 1.176596354598534289e+00
2.402402403095038608e-02 7.231599444017675626e-01
6.186301437992369756e-03 9.914654219888617837e-01
0.000000000000000000e+00 1.071190242373406987e+00
1.405405405403143959e+00 1.164179230755432837e+00
1.381381381372193573e+00 8.624601519836757602e-01
2.402402402731240727e-02 8.098047593559666302e-01
3.030106346341199242e-02 9.959075753715979085e-01
1.981981981953140348e-01 1.002918728545067584e+00
2.577563237719004974e-02 9.963658325292090723e-01
1.920814618642907590e-03 1.003295420862809317e+00
6.726726726701599546e-01 1.250553588061654453e-01
8.108108108099258970e-01 7.606535003396183714e-02
1.321321321320283459e+00 1.184649349481388825e+01
2.230351959588006139e-02 9.984157232972642460e-01
1.471471471468248637e+00 7.412002505740443503e+00
1.201201201198273338e+00 4.133728774453468979e-01
2.928025390065158717e-02 9.802327080684122285e-01
1.165165165162761696e+00 1.122430701979692524e-01
1.369369369367632316e+00 1.041278890320792172e+01
8.108108108099258970e-01 2.594602709791669626e-01
2.980961558205308393e-02 1.001724637375939198e+00
1.237237236360670067e+00 3.400602301464663579e+00
1.399399399397225352e+00 3.875673266891556779e+00
9.309309309282980394e-01 4.584994717417510302e+00
5.926459423790220171e-03 9.468160974823631726e-01
1.009777053332072683e-02 1.006154584310962052e+00
6.006006005991366692e-01 1.171565833210177210e-01
1.165165165162761696e+00 1.754989625836226308e-01
1.201201201183721423e-02 9.345441064817402443e-01
1.801801801775582135e-02 3.096498108769716873e-01
6.006073941534850746e-03 1.117523736808091250e+00
1.688396626523172017e-01 1.497759365315214586e+00
1.561561561466078274e-01 7.493188076195929082e-01
1.285285176552861230e+00 3.304230741405067562e-01
9.609595241636270657e-02 1.700158651937836718e-01
5.105105105103575625e-01 2.308229137569534073e-01
8.840203034596925136e-01 3.968509479054246114e+00
1.909887714646174572e-02 9.950539597106133893e-01
8.648648648631933611e-01 5.469480028301818564e+00
7.706943124503595755e-03 9.992661259642052762e-01
1.171171171175956260e+00 1.205198331629257069e+01
1.068408504892431665e+00 1.005579557216518261e+00
1.047081234548386419e+00 1.004593330861265121e+00
2.187265636166557670e-06 9.613413190468060865e-01
1.483486019267729716e+00 1.973386736766035821e+00
1.441441441435017623e+00 5.724036322252372688e-01
1.799101935830549337e-02 9.175973372755881208e-01
8.168168168122065254e-01 1.219571806313446971e-01
2.402402402731240727e-02 1.820492966582828165e-01
1.309309309304808266e+00 1.007355750455467769e+00
1.021021021024353104e+00 5.683184096921131356e+00
1.126398098040226614e+00 9.949891386489284617e-01
1.110277049538126448e+00 9.850634093887177256e-01
9.802205000596586615e-03 9.999671405552157388e-01
1.501501501505117631e+00 3.092963474582282490e+00
1.507507507507398259e+00 4.231186769525798752e-01
1.674192519203643315e-02 9.372227138402872137e-01
1.801801802139380015e-02 1.010146560601432153e+00
3.483483483505551703e-01 1.640621543133831128e+00
5.405405406054342166e-02 8.639071589142027774e-01
6.666666666715173051e-01 7.971462065292347354e+00
8.648648648704693187e-01 4.685781986741165639e+00
9.008999889920232818e-02 5.366848082027817490e-01
2.402405083194025792e-02 1.042440552878035387e+00
4.889221196208382025e-03 9.967837686201926894e-01
1.955330443524871953e-02 9.929949761944600883e-01
1.225225225221947767e+00 1.771562637932425355e-01
4.063180267985444516e-02 9.692196462622216790e-01
1.327327327322564088e+00 1.939743633326885597e+00
1.183183183184155496e+00 2.383360639055130126e-01
1.051051051053946139e+00 1.080735920144385886e+01
1.159159159153205110e+00 2.610057097683014526e-01
1.213213213206472574e+00 1.687642078297590109e-01
1.189189189193712082e+00 7.519727776834366217e+00
1.441441441442293581e+00 6.680594293404769068e+00
1.507507507503760280e+00 1.774467218371444666e-01
6.186186186205304693e-01 1.459052692344257052e-01
1.321321321316645481e+00 8.569940282003097209e+00
7.193952867964981124e-03 1.020759905189760453e+00
1.183183183187793475e+00 4.552279089430360415e+00
4.444444444416149054e-01 3.611962920250112230e+00
2.325372350969701074e-02 1.020730147212738803e+00
5.645645645636250265e-01 2.176397495442349506e+00
1.237237237237422960e+00 1.203794711064083423e-01
6.186186186168924905e-01 1.861763996245814567e+00
3.723723723705916200e-01 5.398708932768606639e-01
1.723723723716830136e+00 8.104669595935529713e-01
6.006008204712998122e-02 2.407782454058280397e+00
2.402402434672694653e-01 3.054027979412281102e+00
1.207207207200553967e+00 1.533286018383634708e-01
7.417240420181769878e-03 1.000181670191600647e+00
1.405405405410419917e+00 9.001575887938471965e+00
1.197923988140246365e+00 9.989129179339119036e-01
1.183788932044990361e+00 9.898759322835143371e-01
8.048048048003693111e-01 5.044811997882774346e-01
1.453453453446854837e+00 3.895723128384082745e+00
1.495495495488285087e+00 5.742696947276122454e-01
2.381758881529094651e-02 1.018610649604386964e+00
1.243243243239703588e+00 2.264559094050993537e-01
2.990990990991122089e+00 1.598027419776538416e+01
1.051051051050308160e+00 2.921587215110393654e+00
2.582582582545001060e-01 2.861400654025286983e+00
1.129129129123612074e+00 2.961775960256178286e-01
6.006006005918607116e-03 8.672495701573852411e-01
2.991222470882348716e-02 9.991906039414154561e-01
1.309309309312084224e+00 2.203116517341515035e+00
2.522522522522194777e-01 3.232717823315106376e+00
1.213213213213748531e+00 1.113469558575374485e+01
1.333333333328482695e+00 8.740628663267561993e-02
1.345345345351233846e+00 4.663212508232799536e+00
1.279279279282491188e+00 6.248659763617243179e+00
1.249249247633997584e+00 2.504441324358764875e-01
1.261261261261097388e+00 1.174018405293916489e-01
1.195195195188716752e+00 1.129546335600267737e-01
1.525525525528792059e+00 5.898994095784759750e+00
1.195195195195992710e+00 7.701260751162594786e+00
1.003003002999321325e+00 1.131283394544825849e-01
1.141141141146363225e+00 8.886372718915849789e-02
1.075075075077620568e+00 1.332155688537829263e+01
3.871870760849560611e-02 9.863626804871413745e-01
1.225225225225585746e+00 7.772036387127614354e+00
1.801801801411784254e-02 1.125675878034493316e+00
5.158511015906697139e-03 9.951705835564522706e-01
1.111111111105856253e+00 8.039730761532958070e+00
1.135135135140444618e+00 1.016752772764110979e+01
2.342342342308256775e-01 8.111411330009337117e-01
7.807807808057987131e-02 7.543227870508982802e-01
1.663663663664920023e+00 3.819934190227471937e+00
4.144144144156598486e-01 9.146252773941965231e-01
1.003003003006597282e+00 1.573106115026526419e+00
3.003003003323101439e-02 9.840162642915782909e-01
1.268126734405086609e+00 5.323033695473884386e+00
1.243243243236065609e+00 2.077064678823953570e-01
1.102819508014363237e-02 9.985620784077408052e-01
3.003003003006597282e+00 1.159647789361526371e+01
1.295638184503332013e+00 9.913961638142368971e-01
1.280304732797958422e+00 9.820460166518717449e-01
1.207207207200553967e+00 1.637332471556637858e-01
1.177177177174598910e+00 3.347190481700472731e+00
9.429429429364972748e-01 1.227575795740393494e-01
7.207207207466126420e-02 1.063056520354930257e+00
2.972972972969728289e+00 1.009732155508819840e-01
